2 3 2 5
2 5
-0.7352314600895047 -0.4246551401844112 -1.000782527863113 1.0185854338641274 0.6123821508818202 -0.6559543992261209 -1.1131830411390862 -0.4622287186533286 1.0570344612663702 -0.9835049439524893 
0.847695895043139 0.20259039495526682 0.48716702784898536 -0.02267372753756456 -0.4090382277432349 
5 5
-0.15405713711194297 0.5393424706590231 -0.7203709256684514 0.4417053429314857 0.6751270686875086 -0.5242253437064212 -0.8707579659841392 -0.015077418361064743 0.4389866396075381 -0.7154332253225313 0.65687970766281 0.6152399127282383 0.32551446151985164 0.8432060389245831 1.0006383172181161 0.05319749004864338 0.8339063743724607 -0.22443064478200667 -0.27500833165654903 -0.8351970647533979 -0.6522165080694271 -1.0899837196214333 0.20066873937192165 -0.41472698736692326 0.9074080642233839 
0.5159146512792473 0.15671977192729014 -0.22023239331391264 0.44075820492360207 0.7451448848128244 
5 3
0.19082890720007592 -0.7033242682556138 0.3021138615819175 0.8222566517836082 -0.4847500157229069 -0.32300756115245316 0.7231805865326724 -0.5453866970124004 0.4103603251543948 1.0356007550005606 -0.018837326038357787 0.9547916605436116 0.5913772100762443 0.27473335749694117 -0.4640780996105277 
-0.2726128692449853 0.6215587905023191 -0.43011040872197936 
